v1<-c(1, 2, 3, 4)
v2<-c(2, 3, 4, 5)
add<- v1+v2
add

#recycling vector arithematic

v3<-c(1, 2, 3, 4)
v4<-c(2, 3, 4)
a<-v3+v4
a
